[gd_scene load_steps=2 format=3 uid="uid://csa4trrcundko"]

[ext_resource type="Script" path="res://entities/ray_cast_group.gd" id="1_gddkt"]

[node name="RayCastGroup" type="Node3D"]
script = ExtResource("1_gddkt")

[node name="0" type="RayCast3D" parent="."]
target_position = Vector3(0, 0, -1)

[node name="1" type="RayCast3D" parent="."]
transform = Transform3D(0.707107, 0, 0.707107, 0, 1, 0, -0.707107, 0, 0.707107, 0, 0, 0)
target_position = Vector3(1, 0, 0)

[node name="2" type="RayCast3D" parent="."]
target_position = Vector3(1, 0, 0)

[node name="3" type="RayCast3D" parent="."]
transform = Transform3D(0.707107, 0, -0.707107, 0, 1, 0, 0.707107, 0, 0.707107, 0, 0, 0)
target_position = Vector3(1, 0, 0)

[node name="4" type="RayCast3D" parent="."]
target_position = Vector3(0, 0, 1)

[node name="5" type="RayCast3D" parent="."]
transform = Transform3D(0.707107, 0, 0.707107, 0, 1, 0, -0.707107, 0, 0.707107, 0, 0, 0)
target_position = Vector3(-1, 0, 0)

[node name="6" type="RayCast3D" parent="."]
target_position = Vector3(-1, 0, 0)

[node name="7" type="RayCast3D" parent="."]
transform = Transform3D(0.707107, 0, -0.707107, 0, 1, 0, 0.707107, 0, 0.707107, 0, 0, 0)
target_position = Vector3(-1, 0, 0)
